cmd: ./a.out
events: Ir
fl=/tmp/software/spack-stage/spack-stage-gcc-12.1.0-hxmipkh42gkwphldmgf52vo37v6cq4q7/spack-src/libgomp/alloc.c
fn=gomp_aligned_alloc
64 3
66 3
73 1
99 2
102 2
fn=gomp_malloc
37 6
38 2
39 4
42 4
fn=gomp_realloc
55 3
56 1
57 2
60 2
fl=/tmp/software/spack-stage/spack-stage-gcc-12.1.0-hxmipkh42gkwphldmgf52vo37v6cq4q7/spack-src/libgomp/config/linux/bar.c
fn=gomp_barrier_wait
55 31
56 31
fn=gomp_barrier_wait_end
36 93
37 92
40 2
41 34
49 45
51 16
fn=gomp_team_barrier_wait_end
82 112
85 32
89 2
91 2
92 1
93 3
100 2
101 1
102 17
109 30
113 15
114 30
119 45
121 60
122 96
fn=gomp_team_barrier_wait_final
132 16
135 2
136 16
fl=/tmp/software/spack-stage/spack-stage-gcc-12.1.0-hxmipkh42gkwphldmgf52vo37v6cq4q7/spack-src/libgomp/config/linux/bar.h
fn=gomp_barrier_wait
91 31
92 31
98 62
99 124
fn=gomp_new_team
58 1
59 1
61 1
fn=gomp_team_barrier_wait_final
115 16
116 16
118 32
119 1
fn=gomp_team_start
58 1
59 3
61 1
fl=/tmp/software/spack-stage/spack-stage-gcc-12.1.0-hxmipkh42gkwphldmgf52vo37v6cq4q7/spack-src/libgomp/config/linux/mutex.h
fn=goacc_host_init
43 1
fn=goacc_profiling_initialize
43 1
fn=goacc_register
55 5
63 2
64 2
fn=goacc_runtime_initialize
43 2
fn=gomp_init_work_share
43 1
fn=gomp_new_team
43 1
fl=/tmp/software/spack-stage/spack-stage-gcc-12.1.0-hxmipkh42gkwphldmgf52vo37v6cq4q7/spack-src/libgomp/config/linux/proc.c
fn=gomp_init_num_threads
53 5
82 3
85 2
86 4
91 2
94 7
96 2
100 1
101 2
103 2
106 229
107 1243
109 5
130 1
145 3
fl=/tmp/software/spack-stage/spack-stage-gcc-12.1.0-hxmipkh42gkwphldmgf52vo37v6cq4q7/spack-src/libgomp/config/linux/ptrlock.h
fn=gomp_init_work_share
44 1
fl=/tmp/software/spack-stage/spack-stage-gcc-12.1.0-hxmipkh42gkwphldmgf52vo37v6cq4q7/spack-src/libgomp/config/linux/sem.h
fn=gomp_new_team
46 1
fn=gomp_thread_start
46 30
fl=/tmp/software/spack-stage/spack-stage-gcc-12.1.0-hxmipkh42gkwphldmgf52vo37v6cq4q7/spack-src/libgomp/config/linux/wait.h
fn=gomp_barrier_wait_end
50 30
52 90
56 121008
57 120993
fn=gomp_team_barrier_wait_end
50 15
52 45
56 67992
57 67992
fl=/tmp/software/spack-stage/spack-stage-gcc-12.1.0-hxmipkh42gkwphldmgf52vo37v6cq4q7/spack-src/libgomp/config/linux/x86/futex.h
fn=gomp_barrier_wait_end
39 31
52 4
111 2
123 40316
fn=gomp_team_barrier_wait_end
39 15
52 6
111 2
123 22649
fl=/tmp/software/spack-stage/spack-stage-gcc-12.1.0-hxmipkh42gkwphldmgf52vo37v6cq4q7/spack-src/libgomp/config/posix/pool.h
fn=gomp_new_team
39 1
40 2
42 3
43 1
44 1
46 1
47 1
48 1
49 5
fl=/tmp/software/spack-stage/spack-stage-gcc-12.1.0-hxmipkh42gkwphldmgf52vo37v6cq4q7/spack-src/libgomp/config/posix/simple-bar.h
fn=gomp_team_start
60 3
61 1
fn=gomp_thread_start
60 75
61 15
fl=/tmp/software/spack-stage/spack-stage-gcc-12.1.0-hxmipkh42gkwphldmgf52vo37v6cq4q7/spack-src/libgomp/env.c
fn=initialize_env
116 2
117 2
256 10
283 25
291 5
305 4
306 2
389 3
390 2
447 3
448 2
694 5
698 2
934 4
935 2
1043 3
1044 2
1045 1
1080 2
1081 2
1177 3
1178 2
1179 1
1213 2
1215 2
1216 1
1226 3
1230 2
1429 3
1430 2
1465 8
1473 3
1474 3
1475 3
1479 1
1480 2
1489 1
1490 2
1495 2
1498 1
1505 2
1512 1
1515 6
1518 4
1541 2
1545 3
1546 2
1550 1
1559 2
1561 1
1562 1
1566 1
1569 2
1570 3
1574 3
1576 2
1577 6
1604 2
1605 2
1610 1
1612 1
1613 7
fn=parse_boolean
1004 28
1007 4
1008 8
1009 8
1033 24
fn=parse_int_1
265 30
267 36
268 12
276 24
fn=parse_stacksize.constprop.0
868 14
873 2
874 4
875 2
923 14
fn=parse_unsigned_long_1
220 80
224 39
225 16
226 8
249 64
fl=/tmp/software/spack-stage/spack-stage-gcc-12.1.0-hxmipkh42gkwphldmgf52vo37v6cq4q7/spack-src/libgomp/libgomp.h
fn=GOMP_parallel
874 2
876 4
fn=gomp_end_task
997 3
fn=gomp_resolve_num_threads
874 2
876 4
fn=gomp_thread_start
997 45
fl=/tmp/software/spack-stage/spack-stage-gcc-12.1.0-hxmipkh42gkwphldmgf52vo37v6cq4q7/spack-src/libgomp/oacc-host.c
fn=goacc_host_init
321 1
323 2
fl=/tmp/software/spack-stage/spack-stage-gcc-12.1.0-hxmipkh42gkwphldmgf52vo37v6cq4q7/spack-src/libgomp/oacc-init.c
fn=goacc_register
74 2
76 3
81 5
84 3
85 1
88 2
fn=goacc_runtime_deinitialize
904 1
908 2
fn=goacc_runtime_initialize
884 2
891 3
893 1
895 1
899 1
900 1
fl=/tmp/software/spack-stage/spack-stage-gcc-12.1.0-hxmipkh42gkwphldmgf52vo37v6cq4q7/spack-src/libgomp/oacc-profiling.c
fn=goacc_profiling_initialize
100 8
105 5
109 2
110 6
174 8
fl=/tmp/software/spack-stage/spack-stage-gcc-12.1.0-hxmipkh42gkwphldmgf52vo37v6cq4q7/spack-src/libgomp/parallel.c
fn=GOMP_parallel
141 2
167 1
174 10
175 3
176 9
178 2
180 5
fn=gomp_resolve_num_threads
40 6
49 2
52 3
56 5
60 2
64 2
65 1
73 2
85 3
127 7
fn=omp_get_num_threads
278 16
279 32
280 64
281 16
fn=omp_get_thread_num
285 16
286 32
287 16
fl=/tmp/software/spack-stage/spack-stage-gcc-12.1.0-hxmipkh42gkwphldmgf52vo37v6cq4q7/spack-src/libgomp/priority_queue.h
fn=gomp_init_task
154 16
161 32
fn=gomp_new_team
154 1
161 2
fl=/tmp/software/spack-stage/spack-stage-gcc-12.1.0-hxmipkh42gkwphldmgf52vo37v6cq4q7/spack-src/libgomp/task.c
fn=gomp_end_task
98 4
100 2
103 2
104 4
fn=gomp_init_task
68 16
77 16
81 32
83 16
84 16
85 16
86 96
87 16
91 16
92 16
fl=/tmp/software/spack-stage/spack-stage-gcc-12.1.0-hxmipkh42gkwphldmgf52vo37v6cq4q7/spack-src/libgomp/team.c
fn=gomp_new_team
154 5
157 1
158 2
171 9
181 4
182 1
193 1
196 1
198 1
200 2
201 3
202 1
203 1
204 2
206 12
207 1
210 3
211 2
214 1
216 1
217 1
223 7
fn=gomp_team_end
948 8
950 2
956 3
957 3
971 2
973 1
974 10
976 3
990 3
1003 2
1004 2
1008 1
1009 3
1011 1
1014 8
fn=gomp_team_start
323 15
334 4
340 5
341 2
342 2
343 5
344 3
355 10
357 1
358 1
359 2
360 2
361 1
362 3
363 1
365 2
368 2
372 3
373 3
376 3
377 2
380 5
383 3
384 3
385 2
386 2
388 2
393 3
459 1
466 3
468 3
470 3
472 2
474 1
489 1
494 2
496 4
498 4
502 4
506 9
733 2
735 2
737 5
738 4
741 1
749 2
750 4
759 11
763 83
767 30
769 15
770 30
834 30
835 30
837 30
838 15
839 45
840 30
841 30
842 30
844 15
846 15
847 30
849 15
850 60
851 30
852 30
853 45
854 30
855 30
858 82
860 15
861 30
865 4
869 3
882 3
883 3
900 2
936 2
939 8
fn=gomp_thread_start
71 120
87 15
88 15
89 30
90 150
91 30
92 30
93 30
102 120
107 30
121 30
126 15
127 15
129 30
130 30
fn=initialize_team
1022 2
1030 5
1032 2
fn=team_destructor
1036 1
1039 2
fl=/tmp/software/spack-stage/spack-stage-gcc-12.1.0-hxmipkh42gkwphldmgf52vo37v6cq4q7/spack-src/libgomp/work.c
fn=gomp_fini_work_share
144 1
146 4
149 1
fn=gomp_init_work_share
103 5
105 2
134 2
136 1
137 4
fl=/usr/src/debug/glibc-2.28-251.el8.2.x86_64/dlfcn/dlfcn.c
fn=init
28 1
29 1
30 1
31 1
fl=/usr/src/debug/glibc-2.28-251.el8.2.x86_64/nptl/../include/list.h
fn=__pthread_initialize_minimal
44 1
45 1
46 1
48 1
fn=pthread_create@@GLIBC_2.2.5
44 30
45 30
46 15
48 15
fl=/usr/src/debug/glibc-2.28-251.el8.2.x86_64/nptl/../nptl/pthread_mutex_lock.c
fn=pthread_mutex_lock
69 51
72 51
74 17
76 34
80 34
89 34
100 68
104 17
107 34
120 68
122 51
123 34
174 17
177 17
179 17
182 17
184 17
185 34
fl=/usr/src/debug/glibc-2.28-251.el8.2.x86_64/nptl/../sysdeps/unix/sysv/linux/createthread.c
fn=create_thread
51 150
55 30
56 30
57 30
60 30
61 30
101 210
108 15
111 30
117 45
140 30
152 15
153 90
fl=/usr/src/debug/glibc-2.28-251.el8.2.x86_64/nptl/../sysdeps/unix/sysv/linux/pthread-pids.h
fn=__pthread_initialize_minimal
29 4
fl=/usr/src/debug/glibc-2.28-251.el8.2.x86_64/nptl/../sysdeps/unix/sysv/linux/pthread_getaffinity.c
fn=pthread_getaffinity_np@@GLIBC_2.3.4
31 4
35 6
37 2
41 6
43 1
44 2
fl=/usr/src/debug/glibc-2.28-251.el8.2.x86_64/nptl/../sysdeps/unix/sysv/linux/sigaction.c
fn=__libc_sigaction
43 12
48 4
50 4
51 34
53 12
58 24
62 8
70 10
fl=/usr/src/debug/glibc-2.28-251.el8.2.x86_64/nptl/../sysdeps/unix/sysv/linux/x86/elision-conf.c
fn=elision_init
107 6
112 5
114 4
116 4
118 4
120 4
124 3
125 1
126 6
fl=/usr/src/debug/glibc-2.28-251.el8.2.x86_64/nptl/../sysdeps/x86/nptl/tls-setup.h
fn=pthread_create@@GLIBC_2.2.5
22 30
fl=/usr/src/debug/glibc-2.28-251.el8.2.x86_64/nptl/allocatestack.c
fn=pthread_create@@GLIBC_2.2.5
151 45
159 15
176 60
184 60
199 15
209 30
363 30
367 105
417 60
419 45
424 45
428 60
429 15
430 30
434 30
517 15
525 30
526 90
529 30
530 30
534 75
535 105
539 30
540 45
541 15
556 75
563 135
566 45
571 30
576 45
577 45
586 30
598 30
599 45
602 15
607 30
610 15
612 45
620 15
623 75
636 60
639 30
641 30
648 75
675 45
704 75
742 30
747 15
752 15
755 15
757 30
759 15
769 45
fl=/usr/src/debug/glibc-2.28-251.el8.2.x86_64/nptl/cleanup_defer_compat.c
fn=_pthread_cleanup_pop_restore
62 7
65 14
68 21
91 14
92 7
fn=_pthread_cleanup_push_defer
25 7
28 7
29 7
30 14
32 14
35 14
52 21
54 7
55 7
fl=/usr/src/debug/glibc-2.28-251.el8.2.x86_64/nptl/nptl-init.c
fn=__pthread_initialize_minimal
270 8
272 1
274 2
275 1
282 2
284 1
286 1
290 3
320 3
323 2
324 1
328 2
332 67
338 2
339 1
340 4
345 2
346 1
347 4
357 2
361 6
369 3
372 4
374 1
376 6
381 5
382 3
385 1
393 2
394 3
399 7
400 4
401 2
402 1
403 2
408 3
409 2
410 1
411 1
412 3
413 1
415 2
418 2
420 2
424 1
426 4
430 1
431 8
fl=/usr/src/debug/glibc-2.28-251.el8.2.x86_64/nptl/pthread_attr_init.c
fn=pthread_attr_init@@GLIBC_2.2.5
33 3
42 5
47 3
50 3
fl=/usr/src/debug/glibc-2.28-251.el8.2.x86_64/nptl/pthread_create.c
fn=pthread_create@@GLIBC_2.2.5
610 60
627 240
632 30
633 30
634 45
681 15
684 15
690 30
691 30
692 30
695 15
696 60
697 45
702 60
705 60
710 30
711 30
715 30
720 30
733 30
736 30
737 30
757 30
758 2
761 30
763 15
773 15
778 30
819 105
822 30
859 30
869 45
873 30
877 180
fn=start_thread
379 135
383 45
386 15
389 60
400 75
409 60
425 60
438 15
439 15
441 30
444 30
450 45
465 30
469 30
479 45
fl=/usr/src/debug/glibc-2.28-251.el8.2.x86_64/nptl/pthread_key_create.c
fn=pthread_key_create
26 2
28 12
30 3
32 10
34 6
38 6
41 2
44 4
fl=/usr/src/debug/glibc-2.28-251.el8.2.x86_64/nptl/pthread_key_delete.c
fn=pthread_key_delete
26 2
29 4
31 10
33 4
34 8
37 2
41 2
fl=/usr/src/debug/glibc-2.28-251.el8.2.x86_64/nptl/pthread_mutex_unlock.c
fn=__pthread_mutex_unlock_usercnt
37 34
40 51
41 51
45 34
50 17
51 34
53 34
56 68
58 17
62 34
68 68
72 51
75 51
92 34
fn=pthread_mutex_unlock
355 17
356 34
fl=/usr/src/debug/glibc-2.28-251.el8.2.x86_64/nptl/pthread_self.c
fn=pthread_self@GLIBC_2.2.5
24 1
25 1
26 1
fl=/usr/src/debug/glibc-2.28-251.el8.2.x86_64/nptl/pthread_setspecific.c
fn=pthread_setspecific
26 7
33 1
37 2
40 8
42 1
44 3
47 2
82 1
87 2
88 1
90 1
91 6
fl=/usr/src/debug/glibc-2.28-251.el8_10.2.x86_64/elf/../elf/dl-sysdep.c
fn=_dl_sysdep_start
88 9
89 2
90 2
112 1
113 453
116 2
117 1
119 138
120 112
123 1
124 1
126 1
127 1
129 1
130 2
132 1
133 2
153 1
154 2
156 1
157 2
159 2
160 2
165 2
166 2
181 2
182 2
224 1
227 1
238 3
239 2
241 5
253 3
256 5
258 9
fn=_dl_sysdep_start_cleanup
262 1
263 1
fl=/usr/src/debug/glibc-2.28-251.el8_10.2.x86_64/elf/../elf/dl-tls.c
fn=_dl_add_to_slotinfo
1018 16
1024 2
1027 2
1028 2
1032 6
1066 4
1069 6
1070 6
1073 12
fn=_dl_allocate_tls
627 30
628 75
630 15
631 15
fn=_dl_allocate_tls_init
524 160
525 32
529 48
531 32
532 16
535 32
538 48
550 16
555 224
561 96
564 96
565 64
571 96
572 64
574 160
575 32
577 64
578 64
581 64
582 128
584 64
585 96
594 32
602 64
604 288
616 32
619 32
622 144
fn=_dl_allocate_tls_storage
418 5
420 1
431 1
432 1
433 3
441 4
442 1
446 297
465 1
467 2
468 2
471 5
fn=_dl_assign_tls_modid
127 4
130 6
183 2
185 2
188 2
189 4
fn=_dl_count_modids
194 1
196 2
197 2
fn=_dl_determine_tlsoffset
218 6
219 2
220 1
221 1
224 3
227 2
261 1
263 16
265 4
267 6
268 4
270 4
272 10
288 16
290 4
291 4
294 3
300 2
303 1
304 6
306 2
356 1
357 6
fn=_dl_get_tls_static_info
394 1
395 2
396 2
397 1
fn=_dl_tls_static_surplus_init
79 3
93 6
97 6
98 7
104 1
106 3
109 1
111 1
113 3
114 5
fn=allocate_dtv
362 64
367 16
371 16
372 16
373 32
376 16
382 48
388 64
fl=/usr/src/debug/glibc-2.28-251.el8_10.2.x86_64/elf/../include/rtld-malloc.h
fn=_dl_allocate_tls_storage
56 1
fn=_dl_check_map_versions
44 12
fn=_dl_important_hwcaps
56 4
fn=_dl_init_paths
56 4
fn=_dl_map_object_deps
56 12
fn=_dl_new_object
44 24
56 15
fn=allocate_dtv
44 32
fn=decompose_rpath.isra.7
50 4
56 4
fn=fillin_rpath
50 45
56 24
fn=init_tls
44 2
fn=open_path
56 2
fn=open_verify.constprop.9
50 15
fn=rtld_calloc
56 14
fl=/usr/src/debug/glibc-2.28-251.el8_10.2.x86_64/elf/../include/scratch_buffer.h
fn=_dl_map_object_deps
77 4
78 1
85 5
131 15
fl=/usr/src/debug/glibc-2.28-251.el8_10.2.x86_64/elf/../misc/sbrk.c
fn=sbrk
32 5
40 6
44 2
60 5
fl=/usr/src/debug/glibc-2.28-251.el8_10.2.x86_64/elf/../sysdeps/generic/dl-cache.h
fn=_dl_load_cache_lookup
185 5
fn=search_cache
116 15
fl=/usr/src/debug/glibc-2.28-251.el8_10.2.x86_64/elf/../sysdeps/generic/dl-hash.h
fn=__rtld_malloc_init_real
43 1
44 1
45 28
48 18
62 24
67 1
72 1
fl=/usr/src/debug/glibc-2.28-251.el8_10.2.x86_64/elf/../sysdeps/generic/ldsodefs.h
fn=_dl_relocate_object
126 687
fn=do_lookup_x
126 729
fl=/usr/src/debug/glibc-2.28-251.el8_10.2.x86_64/elf/../sysdeps/posix/dl-fileid.h
fn=_dl_map_object_from_fd
35 30
38 5
39 10
47 48
fl=/usr/src/debug/glibc-2.28-251.el8_10.2.x86_64/elf/../sysdeps/unix/sysv/linux/dl-osinfo.h
fn=dl_main
64 2
77 1
fl=/usr/src/debug/glibc-2.28-251.el8_10.2.x86_64/elf/../sysdeps/unix/sysv/linux/dl-sysdep.c
fn=_dl_discover_osversion
46 5
48 3
88 5
103 1
107 1
108 1
110 12
112 6
114 16
116 1
117 2
120 3
121 3
122 3
124 13
129 2
133 5
fn=_dl_sysdep_start
36 2
fl=/usr/src/debug/glibc-2.28-251.el8_10.2.x86_64/elf/../sysdeps/unix/sysv/linux/x86/cpu-features.c
fn=init_cpu_features.constprop.0
28 6
fl=/usr/src/debug/glibc-2.28-251.el8_10.2.x86_64/elf/../sysdeps/unix/sysv/linux/x86_64/brk.c
fn=brk
28 1
31 5
33 2
39 1
40 1
fl=/usr/src/debug/glibc-2.28-251.el8_10.2.x86_64/elf/../sysdeps/x86/cpu-features.c
fn=get_common_indices.constprop.1
321 3
328 5
332 1
333 4
334 4
335 4
336 3
337 2
344 2
346 9
351 8
358 2
359 7
365 2
371 2
fn=init_cpu_features.constprop.0
299 4
300 2
301 6
306 2
307 6
312 2
313 6
386 3
389 1
390 1
391 2
402 2
405 6
409 2
411 6
416 1
418 3
420 3
421 8
476 2
490 1
500 5
514 1
515 1
523 2
525 1
530 2
532 1
536 3
544 2
546 2
648 3
649 1
652 2
653 1
659 1
660 1
661 1
662 1
665 4
667 6
669 6
671 6
673 6
675 6
679 3
692 2
693 4
740 1
741 2
745 3
762 2
763 3
765 3
766 2
768 3
769 2
772 2
785 2
786 3
790 4
792 4
842 4
fn=update_usable.constprop.2
50 7
54 1
62 3
63 3
72 3
73 1
81 4
82 1
83 3
87 4
90 4
91 1
94 4
95 1
99 4
100 3
101 3
102 1
104 4
107 2
111 2
113 4
117 2
119 1
122 2
124 2
128 1
129 1
132 4
138 4
140 3
142 3
147 6
196 3
208 2
209 1
212 3
216 2
220 3
221 2
223 1
224 1
227 2
229 1
232 2
283 3
287 3
293 8
fl=/usr/src/debug/glibc-2.28-251.el8_10.2.x86_64/elf/../sysdeps/x86/dl-cet.c
fn=_dl_cet_check
245 1
246 1
fn=dl_cet_check
39 7
41 2
42 1
44 1
45 1
48 4
49 2
54 1
59 2
228 8
fl=/usr/src/debug/glibc-2.28-251.el8_10.2.x86_64/elf/../sysdeps/x86/dl-get-cpu-features.c
fn=__x86_cpu_features
38 3
42 3
fn=_dl_x86_init_cpu_features
36 1
38 3
39 1
fl=/usr/src/debug/glibc-2.28-251.el8_10.2.x86_64/elf/../sysdeps/x86/dl-hwcap.h
fn=_dl_important_hwcaps
57 6
fl=/usr/src/debug/glibc-2.28-251.el8_10.2.x86_64/elf/../sysdeps/x86/dl-procinfo.h
fn=search_cache
39 6
42 21
fl=/usr/src/debug/glibc-2.28-251.el8_10.2.x86_64/elf/../sysdeps/x86/dl-prop.h
fn=_dl_process_pt_note
53 16
59 16
62 4
67 32
70 12
71 8
72 8
76 12
80 12
83 12
84 8
88 4
89 8
93 8
94 4
97 8
100 4
101 16
106 8
113 8
116 8
120 4
136 4
137 20
142 20
143 4
144 8
145 8
153 80
156 14
157 8
159 32
160 2
163 4
164 32
170 8
171 14
180 8
183 8
184 66
fn=dl_main
33 3
59 4
fl=/usr/src/debug/glibc-2.28-251.el8_10.2.x86_64/elf/../sysdeps/x86_64/dl-hwcaps-subdirs.c
fn=_dl_hwcaps_subdirs_active
27 1
33 8
34 4
40 1
44 5
47 5
49 4
50 2
53 1
57 2
60 2
62 1
66 1
fl=/usr/src/debug/glibc-2.28-251.el8_10.2.x86_64/elf/../sysdeps/x86_64/dl-irel.h
fn=_dl_fixup
32 1
fl=/usr/src/debug/glibc-2.28-251.el8_10.2.x86_64/elf/../sysdeps/x86_64/dl-machine.h
fn=_dl_fixup
239 26
fn=_dl_relocate_object
76 16
82 6
86 9
92 3
100 9
120 6
122 9
124 12
274 498
295 498
299 498
306 10821
307 2247
310 831
312 577
315 18
316 27
317 18
321 18
328 45
331 1494
427 75
431 100
436 75
445 100
455 666
456 224
479 28
489 18
512 82
513 41
514 41
533 3948
538 2632
539 3948
549 234
553 234
556 351
557 117
561 35
fn=_dl_start
58 3
271 6
299 12
307 60
310 12
331 34
351 10
352 5
419 1
538 100
539 150
fn=_dl_sysdep_start
225 1
fl=/usr/src/debug/glibc-2.28-251.el8_10.2.x86_64/elf/../sysdeps/x86_64/dl-runtime.h
fn=_dl_fixup
28 26
fl=/usr/src/debug/glibc-2.28-251.el8_10.2.x86_64/elf/../sysdeps/x86_64/dl-trampoline.h
fn=_dl_runtime_resolve_xsave
67 26
72 26
75 26
77 26
87 26
93 26
94 26
95 26
96 26
97 26
98 26
99 26
103 26
104 26
107 26
108 26
110 26
111 26
112 26
113 26
114 26
115 26
117 26
124 26
125 26
126 26
127 26
132 26
133 26
134 26
136 26
137 26
138 26
139 26
140 26
141 26
142 26
144 26
146 26
150 26
153 26
fl=/usr/src/debug/glibc-2.28-251.el8_10.2.x86_64/elf/./dl-hwcaps.h
fn=_dl_important_hwcaps
54 4
56 5
88 2
89 3
fn=copy_hwcaps.isra.1
54 2
56 4
88 2
89 4
fn=update_hwcaps_counts
54 2
56 4
88 2
89 4
fl=/usr/src/debug/glibc-2.28-251.el8_10.2.x86_64/elf/./dl-load.h
fn=_dl_map_object_from_fd
90 20
91 15
93 20
94 12
95 18
96 12
98 12
fl=/usr/src/debug/glibc-2.28-251.el8_10.2.x86_64/elf/./dl-main.h
fn=dl_main
109 5
fl=/usr/src/debug/glibc-2.28-251.el8_10.2.x86_64/elf/./dl-map-segments.h
fn=_dl_map_object_from_fd
50 10
56 40
60 15
63 15
64 10
66 10
73 70
80 10
90 52
92 30
94 60
104 40
110 10
111 5
112 15
113 10
115 10
120 10
123 10
131 40
132 15
137 10
141 18
144 6
149 10
fl=/usr/src/debug/glibc-2.28-251.el8_10.2.x86_64/elf/./dl-sym-post.h
fn=lookup_malloc_symbol
41 8
53 12
60 4
fl=/usr/src/debug/glibc-2.28-251.el8_10.2.x86_64/elf/dl-audit.c
fn=_dl_audit_activity_map
29 6
30 1
31 3
37 6
fn=_dl_audit_activity_nsid
41 18
45 12
47 9
51 18
fn=_dl_audit_objclose
97 7
98 28
fn=_dl_audit_objopen
77 5
78 20
fn=_dl_audit_preinit
118 1
119 4
fl=/usr/src/debug/glibc-2.28-251.el8_10.2.x86_64/elf/dl-cache.c
fn=_dl_cache_libcmp
360 30
361 716
363 700
365 8
371 12
372 12
373 16
375 16
377 8
383 342
385 342
386 52
389 145
390 145
393 12
fn=_dl_load_cache_lookup
406 18
408 6
411 9
414 6
422 6
423 8
426 7
427 1
429 1
434 1
435 2
480 6
485 9
488 15
503 6
507 6
515 54
516 12
517 6
518 9
fn=_dl_unload_cache
527 2
528 4
530 2
531 1
535 1
537 2
fn=search_cache
180 1
190 32
202 39
204 3
206 3
207 21
209 27
210 9
212 21
219 52
221 52
222 58
226 52
230 78
231 52
239 8
241 15
244 35
246 36
258 6
268 6
269 9
271 6
278 6
286 3
296 12
298 9
299 6
303 9
311 6
332 6
335 15
349 23
350 11
352 12
356 30
fl=/usr/src/debug/glibc-2.28-251.el8_10.2.x86_64/elf/dl-call-libc-early-init.c
fn=_dl_call_libc_early_init
27 4
29 2
33 7
37 2
39 4
40 2
41 3
fl=/usr/src/debug/glibc-2.28-251.el8_10.2.x86_64/elf/dl-debug.c
fn=_dl_debug_initialize
46 7
49 14
50 7
54 26
57 1
58 9
59 5
60 2
64 1
fn=_dl_debug_state
73 2
74 2
fl=/usr/src/debug/glibc-2.28-251.el8_10.2.x86_64/elf/dl-deps.c
fn=_dl_map_object_deps
144 4
145 2
146 7
148 3
152 8
159 12
160 20
176 11
177 1
180 2
198 2
199 2
200 2
202 18
206 7
209 14
213 28
214 46
217 15
221 15
224 22
226 15
231 5
232 5
233 10
234 10
237 606
238 293
244 99
246 11
248 44
249 22
258 11
260 22
265 35
268 5
269 5
270 5
271 10
273 5
275 25
279 33
280 24
282 399
287 3
303 12
380 12
433 21
435 15
438 10
439 10
445 5
446 25
447 25
450 5
451 5
455 28
457 7
458 34
464 6
465 1
468 4
479 3
481 2
486 4
487 1
488 2
490 24
494 21
498 14
500 35
505 7
508 2
560 3
597 3
598 5
612 3
617 8
618 4
622 1
624 1
625 1
626 2
633 3
636 3
639 8
fn=openaux
61 33
64 110
65 22
68 11
69 22
fl=/usr/src/debug/glibc-2.28-251.el8_10.2.x86_64/elf/dl-environ.c
fn=_dl_next_ld_env_entry
28 3
29 3
32 445
34 294
35 32
37 2
40 4
42 2
45 145
49 1
fl=/usr/src/debug/glibc-2.28-251.el8_10.2.x86_64/elf/dl-error-skeleton.c
fn=_dl_catch_error
225 8
227 4
228 2
229 2
230 2
232 5
fn=_dl_catch_exception
175 96
178 24
199 24
200 24
203 24
206 84
208 36
209 24
210 48
219 48
fn=_dl_receive_error
238 4
239 1
240 1
243 1
244 1
246 2
248 1
249 1
250 4
fl=/usr/src/debug/glibc-2.28-251.el8_10.2.x86_64/elf/dl-fini.c
fn=_dl_fini
30 9
47 6
50 7
53 2
55 1
58 2
60 6
65 1
67 3
72 17
77 25
79 14
81 14
83 14
84 7
85 7
89 7
91 6
92 6
98 6
107 2
112 28
114 7
116 21
119 14
122 21
123 6
126 10
137 20
138 5
139 10
140 48
141 7
145 10
146 15
152 14
157 7
161 5
167 6
173 2
180 8
fl=/usr/src/debug/glibc-2.28-251.el8_10.2.x86_64/elf/dl-hwcaps.c
fn=_dl_important_hwcaps
100 3
102 2
105 1
108 1
112 4
125 12
127 10
128 4
129 4
130 2
133 2
142 16
143 2
151 2
155 7
156 2
157 4
161 1
162 2
163 4
172 15
173 7
175 2
176 4
184 3
185 3
186 6
187 5
189 1
195 1
196 7
200 19
201 7
202 2
208 17
209 2
210 11
211 4
213 1
214 2
215 5
216 2
218 3
220 2
221 2
222 3
225 5
226 1
229 2
233 5
234 1
237 3
238 2
240 3
241 3
242 5
243 2
247 1
250 2
254 11
261 3
262 2
269 1
270 4
271 8
272 6
275 1
276 1
283 2
285 1
307 2
310 15
317 2
320 2
323 10
326 11
327 23
328 7
331 10
333 6
338 25
339 24
343 18
346 36
347 96
348 48
350 9
353 3
354 2
355 14
357 6
358 2
360 1
361 4
368 19
369 4
371 8
374 2
375 4
380 9
fn=copy_hwcaps.isra.1
72 14
77 16
79 6
80 16
84 2
85 2
86 6
87 4
88 4
90 12
fn=update_hwcaps_counts
49 8
52 16
54 2
55 4
56 4
57 2
59 8
fl=/usr/src/debug/glibc-2.28-251.el8_10.2.x86_64/elf/dl-hwcaps_split.c
fn=_dl_hwcaps_contains
66 6
67 12
68 6
77 6
fn=_dl_hwcaps_split
25 1
26 3
47 2
fn=_dl_hwcaps_split.part.1
24 36
34 84
35 12
36 33
37 12
41 27
42 18
43 9
45 12
46 9
47 48
fn=_dl_hwcaps_split_masked
26 42
30 36
34 12
51 33
54 24
55 5
56 9
57 27
58 54
62 22
fl=/usr/src/debug/glibc-2.28-251.el8_10.2.x86_64/elf/dl-init.c
fn=_dl_init
30 35
79 12
80 1
81 1
84 3
87 2
92 2
117 1
118 30
119 21
122 2
123 8
fn=call_init.part.0
28 48
36 21
39 28
40 3
44 24
45 3
49 10
58 35
62 10
68 15
70 10
71 52
72 36
74 36
fl=/usr/src/debug/glibc-2.28-251.el8_10.2.x86_64/elf/dl-load.c
fn=_dl_dst_count
236 162
239 54
242 54
243 27
262 189
fn=_dl_init_paths
688 11
702 4
707 1
709 2
716 5
717 2
721 4
723 4
729 1
730 1
738 3
740 3
741 2
743 4
744 2
749 67
750 20
752 4
758 1
759 1
764 1
767 3
769 4
771 3
788 2
790 3
794 5
795 1
796 2
801 2
807 4
809 22
813 2
814 1241
815 1240
816 8
818 1
820 2
826 7
829 3
835 1
839 7
fn=_dl_map_object
664 24
667 17
1931 120
1933 5
1939 24
1940 48
1943 246
1948 343
1950 245
1954 84
1955 126
1958 22
1959 66
1960 110
1974 50
1983 15
1998 5
2000 25
2004 16
2006 8
2013 16
2017 12
2018 4
2022 12
2023 7
2025 95
2029 15
2032 12
2037 6
2063 6
2064 55
2070 15
2071 7
2079 3
2093 6
2095 9
2099 9
2101 6
2105 6
2113 9
2136 27
2140 9
2141 6
2154 9
2158 8
2164 1
2165 3
2166 2
2167 3
2171 9
2174 3
2186 20
2188 16
2232 10
2233 75
2235 113
fn=_dl_map_object_from_fd
877 75
887 20
904 105
905 40
922 10
950 20
960 10
982 40
983 10
994 10
995 20
996 10
998 15
999 20
1000 5
1015 5
1017 5
1019 95
1020 5
1021 5
1027 366
1028 400
1034 10
1039 10
1040 30
1045 4
1046 2
1051 50
1056 70
1063 40
1074 20
1075 60
1076 40
1077 10
1078 30
1079 20
1083 20
1084 30
1088 20
1089 80
1099 10
1102 6
1106 2
1107 4
1108 6
1111 6
1112 4
1115 2
1120 8
1127 30
1135 10
1136 5
1139 10
1140 10
1141 5
1144 56
1152 10
1165 10
1175 50
1187 20
1196 15
1203 10
1204 10
1224 15
1243 10
1245 25
1293 15
1294 4
1297 20
1306 10
1308 20
1310 10
1326 10
1330 10
1331 10
1348 10
1349 2
1352 15
1357 10
1367 10
1374 40
1375 12
1376 40
1377 6
1378 2
1384 10
1385 8
1390 4
1397 15
1400 20
1419 10
1423 35
1424 20
1428 45
fn=cache_rpath.part.8
659 2
670 8
673 1
678 6
679 2
681 2
fn=decompose_rpath.isra.7
560 16
564 2
573 6
604 4
611 4
612 4
619 4
620 2698
622 2688
628 4
636 14
643 4
650 2
652 4
653 2
654 24
fn=expand_dynamic_string_token
383 112
393 32
396 32
397 32
408 80
fn=fillin_rpath
452 48
454 3
456 108
463 30
465 60
469 30
474 30
475 30
482 105
487 60
491 336
492 248
499 19
500 6
504 6
510 68
514 36
516 24
520 24
521 24
522 48
523 24
525 24
526 2
531 48
532 420
533 120
535 24
536 36
537 56
538 8
541 8
543 24
544 12
547 36
553 3
556 27
fn=open_path
1779 64
1780 16
1783 16
1784 8
1786 16
1791 224
1798 28
1803 112
1810 140
1811 1057
1814 560
1819 1496
1822 272
1828 272
1831 1088
1833 408
1835 240
1836 1
1840 238
1841 952
1847 595
1849 714
1850 22
1852 434
1859 65
1861 310
1869 56
1886 2
1887 3
1889 5
1890 2
1897 7
1900 189
1905 27
1907 135
1910 21
1924 72
fn=open_verify.constprop.9
1481 1680
1520 420
1525 135
1539 700
1541 280
1546 30
1552 5
1553 15
1554 5
1558 35
1560 10
1562 10
1564 10
1570 10
1586 83
1645 10
1650 10
1652 20
1658 10
1664 25
1665 20
1666 10
1687 194
1688 94
1701 15
1704 20
1705 16
1710 2
1711 16
1721 6
1722 10
1729 48
1731 5
1732 60
1735 15
1740 3
1741 10
1744 6
1747 6
1748 12
1749 3
1750 12
1751 9
1765 1260
fl=/usr/src/debug/glibc-2.28-251.el8_10.2.x86_64/elf/dl-lookup-direct.c
fn=_dl_lookup_direct
74 13
75 1
76 2
78 6
79 2
81 4
84 5
86 3
87 6
90 2
115 1
116 9
fn=check_match
31 5
32 1
33 4
35 2
36 2
48 4
51 1
53 8
57 2
58 6
59 3
61 3
64 7
fl=/usr/src/debug/glibc-2.28-251.el8_10.2.x86_64/elf/dl-lookup.c
fn=_dl_lookup_symbol_x
592 512
593 14880
594 13600
609 486
852 3584
854 512
855 512
858 256
862 988
864 2048
865 1280
871 590
872 4339
877 512
879 78
896 13
897 26
901 1928
941 972
955 729
956 2
958 729
963 486
965 2304
fn=_dl_setup_hash
972 7
975 21
977 7
979 14
980 7
981 7
983 21
984 7
985 21
987 7
988 14
990 7
992 21
997 7
fn=check_match
69 2187
72 1701
77 241
85 1944
88 1341
92 243
93 486
95 476
114 476
115 1904
116 1190
143 10
145 30
146 20
149 4
150 14
152 6
154 2
161 1458
fn=do_lookup_x
288 1446
319 110
362 3328
363 256
368 256
369 256
373 2668
376 2668
380 5336
401 2668
405 2668
411 4002
415 1334
416 1334
419 4002
420 4002
423 1334
424 2668
426 1334
427 768
428 2668
431 6670
434 9338
437 544
438 816
439 544
441 526
444 2565
446 729
447 6032
448 486
451 733
454 816
462 1280
485 46
487 4
493 486
544 486
547 1820
551 93
563 486
564 243
565 243
582 3273
585 13
586 2048
fl=/usr/src/debug/glibc-2.28-251.el8_10.2.x86_64/elf/dl-minimal.c
fn=__rtld_malloc_init_real
89 8
99 2
100 2
102 1
104 6
105 5
106 5
107 4
112 1
113 1
114 1
115 1
116 7
fn=__rtld_malloc_init_stubs
55 1
56 2
57 2
58 2
59 2
60 1
fn=lookup_malloc_symbol
74 28
76 4
77 32
81 28
82 24
84 4
85 20
fn=rtld_calloc
171 28
175 14
178 28
179 42
fn=rtld_free
188 25
190 85
194 15
195 3
197 6
fn=rtld_malloc
128 76
129 267
134 5
135 2
136 2
140 201
143 457
148 12
149 12
151 6
152 21
154 6
156 9
158 9
161 67
162 67
164 143
fn=strsep
341 18
344 54
346 18
347 36
351 5931
356 2572
358 5096
362 24
366 969
369 15
373 18
fl=/usr/src/debug/glibc-2.28-251.el8_10.2.x86_64/elf/dl-misc.c
fn=_dl_name_match_p
340 618
341 412
342 120
344 103
346 408
347 590
350 101
352 86
353 515
fn=_dl_sysdep_read_whole_file
44 9
47 3
48 2
50 7
52 2
55 2
57 8
68 3
71 7
fl=/usr/src/debug/glibc-2.28-251.el8_10.2.x86_64/elf/dl-object.c
fn=_dl_add_to_namespace_list
31 36
33 18
35 52
38 60
40 5
42 5
45 2
46 18
47 12
48 12
50 12
51 18
fn=_dl_new_object
59 90
62 12
64 2
66 3
67 6
71 2
77 1
80 46
95 12
98 6
99 18
103 12
104 42
106 6
119 33
125 1
127 42
130 12
131 17
132 6
136 6
139 65
141 16
149 12
150 6
153 1
155 36
157 15
160 15
164 18
168 25
170 1
176 1
179 12
189 24
191 20
195 15
200 15
208 5
212 5
245 100
250 85
251 170
253 10
256 5
259 5
263 54
fl=/usr/src/debug/glibc-2.28-251.el8_10.2.x86_64/elf/dl-open.c
fn=_dl_find_dso_for_object
212 6
216 5
217 16
218 20
219 2
222 2
226 7
fl=/usr/src/debug/glibc-2.28-251.el8_10.2.x86_64/elf/dl-reloc.c
fn=_dl_protect_relro
348 14
349 42
352 21
356 14
357 49
363 14
fn=_dl_relocate_object
167 88
168 16
180 14
181 21
184 21
186 21
188 7
189 21
211 35
212 14
213 4
215 14
222 28
266 21
294 313
297 42
321 7
324 14
341 14
342 14
343 64
fl=/usr/src/debug/glibc-2.28-251.el8_10.2.x86_64/elf/dl-runtime.c
fn=_dl_fixup
45 182
47 26
48 52
53 26
54 78
55 182
57 78
62 52
66 52
68 100
70 78
74 50
75 100
83 26
84 78
86 7
87 14
94 260
98 130
99 28
108 260
123 104
124 2
132 78
149 52
158 78
162 156
fl=/usr/src/debug/glibc-2.28-251.el8_10.2.x86_64/elf/dl-sort-maps.c
fn=_dl_sort_maps
187 4
188 44
189 42
216 36
221 8
223 2
224 14
226 36
228 56
231 30
249 4
268 8
281 12
288 2
312 26
320 6
324 16
fn=_dl_sort_maps_init
303 2
304 4
305 1
306 3
307 2
fn=dfs_traversal
142 98
145 48
148 42
150 42
152 176
155 66
157 12
161 49
176 42
177 14
178 84
fl=/usr/src/debug/glibc-2.28-251.el8_10.2.x86_64/elf/dl-tunables.c
fn=__GI___tunables_init
69 740
72 147
75 15631
79 294
84 441
280 4
289 9
297 294
312 18963
318 23520
330 588
364 8
fn=__tunable_get_val
412 32
415 350
419 80
424 18
425 9
434 6
435 3
441 160
443 32
fl=/usr/src/debug/glibc-2.28-251.el8_10.2.x86_64/elf/dl-tunables.h
fn=__GI___tunables_init
124 6031
125 6074
fl=/usr/src/debug/glibc-2.28-251.el8_10.2.x86_64/elf/dl-version.c
fn=_dl_check_all_versions
362 6
364 2
366 26
368 70
371 7
fn=_dl_check_map_versions
37 158
38 44
39 270
57 48
65 72
71 72
87 24
88 48
90 24
95 534
109 414
111 24
114 202
121 549
125 183
143 50
156 56
157 7
165 7
171 21
173 21
175 14
176 28
178 14
181 15
185 25
199 5
201 30
209 30
210 5
214 30
218 231
220 24
222 62
225 96
228 72
233 14
237 40
242 10
251 25
254 20
257 336
260 252
264 79
268 12
273 6
274 12
275 12
285 6
288 18
290 18
293 15
295 5
297 30
300 72
302 72
304 120
305 72
306 72
307 72
310 72
315 14
318 30
323 5
328 18
331 20
335 79
337 168
341 79
342 395
343 237
344 79
347 257
351 79
357 63
fl=/usr/src/debug/glibc-2.28-251.el8_10.2.x86_64/elf/do-rel.h
fn=_dl_relocate_object
48 14
49 28
50 14
52 9
53 10
60 28
63 375
65 468
76 6
77 6
85 22
86 11
88 44
100 33
110 20
113 3971
114 2632
120 33
123 20
126 872
128 1420
129 1136
130 852
131 1136
133 852
135 164
138 82
142 243
145 486
146 357
158 30
159 172
160 162
163 123
164 123
165 41
166 41
167 82
175 27
177 42
178 12
180 18
188 6
191 12
205 2
fn=_dl_start
85 1
86 1
113 153
114 100
118 2
126 21
128 18
129 12
130 12
fl=/usr/src/debug/glibc-2.28-251.el8_10.2.x86_64/elf/get-dynamic-info.h
fn=_dl_map_object_from_fd
42 5
46 5
48 426
50 274
63 141
64 229
65 20
67 5
68 25
70 5
71 20
72 5
73 20
74 137
81 10
101 19
102 20
103 20
104 20
106 20
111 20
112 19
113 20
118 15
123 10
130 10
131 15
149 15
154 8
156 8
158 8
160 8
161 3
163 15
165 12
166 8
167 1
175 12
176 12
180 8
181 6
183 10
fn=_dl_start
48 63
50 40
63 25
64 34
65 4
67 2
68 5
70 3
71 5
72 1
73 5
74 20
81 2
101 4
102 4
103 4
104 4
106 4
111 4
112 4
113 4
118 3
123 2
130 3
131 3
139 5
142 3
146 2
147 2
fn=dl_main
33 1
42 2
46 1
48 84
50 54
63 17
64 37
65 4
67 1
68 5
70 1
71 5
72 1
73 4
74 27
81 3
118 3
123 2
130 2
131 3
149 3
163 3
183 2
fl=/usr/src/debug/glibc-2.28-251.el8_10.2.x86_64/elf/rtld.c
fn=_dl_start
71 8
471 2
472 2
473 2
474 2
475 2
484 1
490 4
492 2
504 10
545 1
548 1
559 2
564 25
566 1
579 1
594 9
fn=dl_main
71 16
78 13
79 2
87 7
192 1
193 1
194 1
219 2
220 2
221 4
291 1
292 1
293 1
294 1
295 1
296 1
297 1
298 2
864 1
866 1
875 1
877 1
882 1
1191 14
1196 1
1199 1
1205 2
1209 2
1210 2
1215 2
1221 1
1223 4
1224 4
1491 8
1493 2
1494 1
1495 2
1496 3
1500 3
1501 2
1522 1
1523 1
1525 2
1527 1
1530 33
1531 74
1535 3
1536 1
1540 3
1541 1
1549 2
1550 2
1552 1
1559 3
1571 1
1577 2
1585 4
1586 11
1587 4
1588 1
1591 4
1592 4
1593 2
1594 6
1595 2
1622 2
1626 2
1627 2
1628 1
1639 5
1642 2
1644 2
1646 2
1659 3
1660 6
1662 3
1665 1
1667 1
1668 1
1670 2
1671 2
1675 2
1677 2
1685 3
1692 2
1695 2
1711 4
1717 9
1725 4
1727 1
1732 2
1735 4
1736 4
1737 2
1738 1
1739 1
1740 1
1745 2
1746 5
1763 2
1764 2
1766 2
1768 1
1769 3
1774 5
1775 5
1777 2
1778 2
1783 2
1792 2
1796 2
1797 2
1821 2
1829 3
1832 2
1836 3
1841 2
1842 1
1843 1
1847 3
1852 3
1854 1
1856 2
1860 5
1865 2
1881 5
1957 4
1961 19
1962 2
1965 3
1966 1
1967 2
1968 2
1973 3
1983 8
1989 24
1990 24
1993 4
1994 3
1995 1
1997 19
1998 28
2008 2
2010 2
2011 2
2013 2
2015 3
2017 3
2018 1
2019 2
2031 2
2032 2
2033 3
2036 2
2044 4
2045 4
2046 5
2056 2
2057 2
2058 4
2060 2
2065 3
2295 3
2351 1
2355 2
2359 2
2362 2
2370 1
2421 3
2424 3
2426 3
2427 6
2433 1
2434 25
2436 21
2441 14
2443 16
2445 1
2446 1
2449 7
2451 21
2452 48
2456 18
2457 6
2465 2
2470 4
2472 1
2479 4
2482 2
2491 3
2493 4
2505 2
2511 1
2512 5
2520 3
2527 1
2531 3
2536 4
2537 1
2538 1
2539 1
2543 1
2548 8
2681 2
2683 1
2689 8
2691 12
2693 2
2695 107
2696 19
2698 4
2704 14
2716 3
2725 2
2732 6
2734 2
2735 1
2780 3
2781 5
2783 2
2784 2
2785 1
2851 3
2883 2
fn=do_preload
815 6
817 1
821 1
822 1
823 1
825 1
827 6
828 3
836 3
842 5
fn=dso_name_valid_for_suid
177 4
178 3
186 2
187 5
fn=handle_preload_list
896 15
897 1
901 4
904 4
905 3
907 4
908 2
914 1
916 2
918 4
919 5
922 9
fn=init_tls
743 3
745 2
749 3
755 2
758 1
759 2
764 1
766 1
770 2
771 3
772 17
773 7
774 21
778 4
780 6
782 2
785 2
788 1
795 2
796 2
802 2
805 7
808 1
811 5
fn=map_doit
650 3
652 4
653 6
655 2
fn=rtld_lock_default_lock_recursive
848 7
849 7
850 7
fn=rtld_lock_default_unlock_recursive
854 7
855 7
856 7
fn=version_check_doit
683 3
685 6
689 2
fl=/usr/src/debug/glibc-2.28-251.el8_10.2.x86_64/elf/setup-vdso.h
fn=dl_main
24 2
fl=/usr/src/debug/glibc-2.28-251.el8_10.2.x86_64/io/../sysdeps/unix/sysv/linux/access.c
fn=access
25 1
27 7
31 1
fl=/usr/src/debug/glibc-2.28-251.el8_10.2.x86_64/io/../sysdeps/unix/sysv/linux/close_nocancel.c
fn=__GI___close_nocancel
25 6
26 24
27 6
fl=/usr/src/debug/glibc-2.28-251.el8_10.2.x86_64/io/../sysdeps/unix/sysv/linux/lseek64.c
fn=lseek
28 3
36 12
38 3
fl=/usr/src/debug/glibc-2.28-251.el8_10.2.x86_64/io/../sysdeps/unix/sysv/linux/open64_nocancel.c
fn=__open_nocancel
34 282
37 987
45 1392
47 141
fl=/usr/src/debug/glibc-2.28-251.el8_10.2.x86_64/io/../sysdeps/unix/sysv/linux/read_nocancel.c
fn=__read_nocancel
25 8
26 32
27 8
fl=/usr/src/debug/glibc-2.28-251.el8_10.2.x86_64/io/../sysdeps/unix/sysv/linux/wordsize-64/fxstat.c
fn=_fxstat
33 12
34 12
35 36
39 6
fl=/usr/src/debug/glibc-2.28-251.el8_10.2.x86_64/io/../sysdeps/unix/sysv/linux/wordsize-64/xstat.c
fn=_xstat
33 238
34 238
35 1146
39 11
fl=/usr/src/debug/glibc-2.28-251.el8_10.2.x86_64/malloc/scratch_buffer_set_array_size.c
fn=__libc_scratch_buffer_set_array_size
30 25
31 10
34 10
35 10
45 10
46 5
63 20
fl=/usr/src/debug/glibc-2.28-251.el8_10.2.x86_64/misc/../sysdeps/unix/syscall-template.S
fn=mprotect
78 60
79 12
fn=munmap
78 5
79 1
fl=/usr/src/debug/glibc-2.28-251.el8_10.2.x86_64/misc/../sysdeps/unix/sysv/linux/mmap64.c
fn=mmap
41 208
44 32
47 74
52 160
54 112
fl=/usr/src/debug/glibc-2.28-251.el8_10.2.x86_64/posix/../sysdeps/unix/syscall-template.S
fn=uname
78 5
79 1
fl=/usr/src/debug/glibc-2.28-251.el8_10.2.x86_64/setjmp/../sysdeps/x86_64/setjmp.S
fn=__sigsetjmp
30 12
32 12
41 12
42 24
43 12
47 12
48 12
49 12
50 12
51 12
53 24
55 12
56 12
57 12
59 24
61 12
69 12
72 12
73 12
80 12
81 12
fl=/usr/src/debug/glibc-2.28-251.el8_10.2.x86_64/string/../include/rtld-malloc.h
fn=strdup
56 63
fl=/usr/src/debug/glibc-2.28-251.el8_10.2.x86_64/string/../string/strcspn.c
fn=strcspn
32 4
33 5
39 6
40 4
41 4
42 4
44 1
47 9
48 6
51 4
52 4
53 4
54 4
56 3
61 19
62 38
63 19
64 38
65 19
67 133
69 1
70 4
71 3
fl=/usr/src/debug/glibc-2.28-251.el8_10.2.x86_64/string/../sysdeps/x86_64/memcmp.S
fn=bcmp
23 9
28 9
29 9
30 9
31 9
32 9
33 9
34 9
35 9
38 4
39 4
40 2
41 2
42 2
43 2
44 2
45 2
46 2
48 4
49 4
50 3
51 3
52 3
53 3
54 3
55 3
56 3
58 3
59 3
60 1
61 1
62 1
63 1
64 1
65 1
66 1
68 3
69 3
70 2
71 2
72 2
73 2
74 2
75 2
76 2
78 1
79 1
80 1
81 1
82 1
83 1
84 1
96 4
98 4
102 3
103 3
104 2
105 2
106 2
107 2
108 2
109 2
110 2
111 2
112 2
113 2
114 2
118 3
119 3
132 8
133 8
134 8
136 8
137 8
149 8
150 8
220 3
221 3
222 3
223 3
226 2
227 2
228 2
229 2
230 2
231 1
233 1
234 1
235 1
236 1
237 1
238 1
240 1
241 1
243 4
244 4
245 3
246 3
250 4
251 4
252 4
253 4
254 4
258 8
259 8
260 8
261 8
262 8
263 8
265 1
266 1
267 1
268 1
269 1
270 1
271 1
272 1
275 8
276 8
277 8
278 8
280 2
281 2
282 2
283 2
284 2
285 2
287 2
288 2
289 2
290 2
291 2
292 2
295 8
296 8
299 5
300 5
301 5
302 5
303 5
304 5
306 5
307 5
308 5
309 5
310 5
311 5
313 5
314 5
315 5
316 5
317 5
318 2
320 2
321 2
322 2
323 2
324 2
325 2
326 2
327 2
329 2
330 2
331 2
332 2
fl=/usr/src/debug/glibc-2.28-251.el8_10.2.x86_64/string/../sysdeps/x86_64/multiarch/../strchr.S
fn=index
23 41
24 41
25 41
26 41
27 41
28 41
29 41
30 41
31 41
32 41
33 41
34 41
35 41
36 41
37 41
38 41
39 41
40 41
41 22
45 22
46 22
47 22
48 22
50 22
54 19
55 19
56 19
57 19
58 19
59 19
60 19
61 19
62 19
63 19
64 19
65 19
66 19
67 19
68 19
69 19
70 19
71 19
72 19
73 19
74 19
75 19
76 19
77 35
82 8
83 8
86 9
87 9
88 9
89 9
90 9
91 9
92 9
93 9
94 9
95 9
96 9
97 9
98 9
99 9
100 9
101 9
102 9
103 9
105 9
106 9
108 8
109 8
110 8
111 8
112 8
113 8
114 8
115 8
117 8
118 8
119 8
120 8
121 8
122 8
123 8
124 8
125 8
126 8
129 19
133 19
134 19
135 19
136 19
138 19
fl=/usr/src/debug/glibc-2.28-251.el8_10.2.x86_64/string/../sysdeps/x86_64/multiarch/memmove-vec-unaligned-erms.S
fn=memcpy
190 54
191 54
197 410
198 410
199 186
200 186
205 117
206 117
207 117
208 117
211 117
358 224
359 224
360 75
361 75
362 48
363 48
364 46
365 2
366 2
368 46
389 149
390 149
391 149
392 149
393 149
396 27
397 27
398 27
399 27
400 27
403 2
404 2
405 2
406 2
407 2
417 69
418 69
419 67
420 67
422 40
423 40
424 40
425 40
426 40
427 40
428 40
429 40
430 40
431 40
432 40
433 40
434 40
435 40
436 40
437 40
438 40
441 27
442 27
443 27
444 27
445 27
446 27
447 27
448 27
449 27
461 2
462 2
464 2
467 2
468 2
469 2
470 2
471 2
473 2
474 2
477 2
478 2
480 2
482 2
484 2
486 4
491 13
492 13
493 13
494 13
495 13
496 13
497 13
498 13
499 13
500 13
501 13
502 13
503 13
505 2
506 2
507 2
508 2
510 2
511 2
fn=mempcpy
177 356
178 356
179 356
180 356
fl=/usr/src/debug/glibc-2.28-251.el8_10.2.x86_64/string/../sysdeps/x86_64/multiarch/memset-vec-unaligned-erms.S
fn=memset
169 40
170 200
175 40
176 40
179 39
180 39
182 1
183 1
184 1
274 1
275 1
277 1
338 38
339 38
351 38
354 38
355 38
367 37
368 37
381 37
382 37
384 37
387 35
390 70
393 124
394 124
395 124
396 124
397 124
398 124
399 124
402 37
403 37
404 37
405 37
410 37
447 1
452 1
453 1
492 1
493 1
495 1
fl=/usr/src/debug/glibc-2.28-251.el8_10.2.x86_64/string/../sysdeps/x86_64/multiarch/strlen-vec.S
fn=strlen
41 67
85 67
86 67
87 67
88 67
89 67
90 67
91 67
93 67
95 67
126 67
127 67
128 67
129 67
130 67
131 14
133 14
137 53
138 53
139 53
140 53
141 53
142 53
143 53
144 53
145 53
146 53
147 53
148 53
153 360
227 38
228 38
229 38
230 38
231 38
232 38
233 38
234 38
236 8
238 8
239 8
240 8
241 8
242 8
243 8
244 8
245 8
246 6
250 30
252 32
253 448
255 32
256 32
257 32
259 32
fl=/usr/src/debug/glibc-2.28-251.el8_10.2.x86_64/string/../sysdeps/x86_64/strcmp.S
fn=strcmp
109 682
142 682
143 682
145 682
146 682
167 682
168 682
169 586
170 586
171 417
172 417
173 417
174 417
191 417
192 417
193 417
194 417
195 417
196 417
197 417
202 36
203 108
212 301
213 301
214 301
215 301
216 301
217 301
218 301
219 301
220 292
221 212
222 212
223 212
225 292
226 292
227 292
228 292
229 292
230 292
240 9
241 9
242 9
244 9
250 9
251 9
252 9
253 9
254 9
259 9
261 4
262 4
263 8
271 4
272 4
275 4
276 4
277 4
278 4
279 4
280 4
286 1
287 1
288 1
291 1
292 1
293 1
294 1
295 1
296 1
311 6
312 6
313 6
314 6
315 6
317 6
318 6
319 6
320 6
321 6
322 6
323 6
324 6
327 6
328 6
329 6
335 6
336 6
337 12
341 6
342 6
345 6
346 6
347 6
350 6
351 6
352 6
358 6
359 6
360 6
361 6
362 6
363 6
441 1
442 1
443 1
444 1
445 1
447 1
448 1
449 1
450 1
451 1
452 1
453 1
454 1
457 1
458 1
459 1
465 1
466 1
467 2
471 1
472 1
475 1
476 1
477 1
480 1
481 1
482 1
488 1
489 1
490 1
491 1
492 1
493 1
565 4
566 4
567 4
568 4
569 4
571 4
572 4
573 4
574 4
575 4
576 4
577 4
578 4
582 4
583 4
584 4
590 4
591 4
592 8
596 4
597 4
600 4
601 4
602 4
605 4
606 4
607 4
613 4
614 4
615 4
616 4
617 4
618 4
690 6
691 6
692 6
693 6
694 6
696 6
697 6
698 6
699 6
700 6
701 6
702 6
703 4
707 4
708 4
709 4
715 4
716 4
717 8
721 4
722 4
725 4
726 4
727 4
730 4
731 4
732 4
738 4
739 4
740 4
741 4
742 4
743 4
815 32
816 32
817 32
818 32
819 32
821 32
822 32
823 32
824 32
825 32
826 32
827 32
828 4
832 4
833 4
834 4
840 4
841 4
842 8
846 4
847 4
850 4
851 4
852 4
855 4
856 4
857 4
863 4
864 4
865 4
866 4
867 4
868 4
875 1
876 1
878 1
879 1
881 1
882 1
883 1
886 1
887 1
888 1
894 1
895 1
896 1
897 1
898 1
899 1
940 21
941 21
942 21
943 21
944 21
946 21
947 21
948 21
949 21
950 21
951 21
952 21
953 1
957 1
958 1
959 1
965 1
966 1
967 2
971 1
972 1
975 1
976 1
977 1
980 1
981 1
982 1
988 1
989 1
990 1
991 1
992 1
993 1
1065 33
1066 33
1067 33
1068 33
1069 33
1071 33
1072 33
1073 33
1074 33
1075 33
1076 33
1077 33
1078 11
1082 11
1083 11
1084 11
1090 11
1091 11
1092 22
1096 11
1097 11
1100 11
1101 11
1102 11
1105 11
1106 11
1107 11
1113 11
1114 11
1115 11
1116 11
1117 11
1118 11
1190 15
1191 15
1192 15
1193 15
1194 15
1196 15
1197 15
1198 15
1199 15
1200 15
1201 15
1202 15
1203 9
1207 9
1208 9
1209 9
1215 9
1216 9
1217 18
1221 9
1222 9
1225 9
1226 9
1227 9
1230 9
1231 9
1232 9
1238 9
1239 9
1240 9
1241 9
1242 9
1243 9
1315 19
1316 19
1317 19
1318 19
1319 19
1321 19
1322 19
1323 19
1324 19
1325 19
1326 19
1327 19
1328 4
1332 4
1333 4
1334 4
1340 4
1341 4
1342 8
1346 4
1347 4
1350 4
1351 4
1352 4
1355 4
1356 4
1357 4
1363 4
1364 4
1365 4
1366 4
1367 4
1368 4
1375 4
1376 4
1378 4
1379 4
1381 4
1382 4
1383 4
1386 4
1387 4
1388 4
1394 4
1395 4
1396 4
1397 4
1398 4
1399 4
1440 13
1441 13
1442 13
1443 13
1444 13
1446 13
1447 13
1448 13
1449 13
1450 13
1451 13
1452 13
1453 8
1457 8
1458 8
1459 8
1465 8
1466 8
1467 16
1471 8
1472 8
1475 8
1476 8
1477 8
1480 8
1481 8
1482 8
1488 8
1489 8
1490 8
1491 8
1492 8
1493 8
1565 14
1566 14
1567 14
1568 14
1569 14
1571 14
1572 14
1573 14
1574 14
1575 14
1576 14
1577 14
1578 8
1582 8
1583 8
1584 8
1590 8
1591 8
1592 16
1596 8
1597 8
1600 8
1601 8
1602 8
1605 8
1606 8
1607 8
1613 8
1614 8
1615 8
1616 8
1617 8
1618 8
1625 1
1626 1
1628 1
1629 1
1631 1
1632 1
1633 1
1636 1
1637 1
1638 1
1644 1
1645 1
1646 1
1647 1
1648 1
1649 1
1690 9
1691 9
1692 9
1693 9
1694 9
1696 9
1697 9
1698 9
1699 9
1700 9
1701 9
1702 9
1703 6
1707 6
1708 6
1709 6
1715 6
1716 6
1717 12
1721 6
1722 6
1725 6
1726 6
1727 6
1730 6
1731 6
1732 6
1738 6
1739 6
1740 6
1741 6
1742 6
1743 6
1815 24
1816 24
1817 24
1818 24
1819 24
1821 24
1822 24
1823 24
1824 24
1825 24
1826 24
1827 24
1828 11
1832 11
1833 11
1834 11
1840 11
1841 11
1842 22
1846 11
1847 11
1850 11
1851 11
1852 11
1855 11
1856 11
1857 11
1863 11
1864 11
1865 11
1866 11
1867 11
1868 11
1940 28
1941 28
1942 28
1943 28
1944 28
1946 28
1947 28
1948 28
1949 28
1950 28
1951 28
1952 28
1953 13
1957 13
1958 13
1959 13
1965 13
1966 13
1967 26
1971 13
1972 13
1975 13
1976 13
1977 13
1980 13
1981 13
1982 13
1988 13
1989 13
1990 13
1991 13
1992 13
1993 13
2065 67
2066 67
2067 67
2068 67
2069 67
2071 67
2072 67
2073 67
2074 67
2075 67
2076 67
2077 67
2079 8
2083 8
2084 8
2085 8
2091 8
2092 8
2094 16
2098 8
2099 8
2102 8
2103 8
2104 8
2107 8
2108 8
2109 8
2115 8
2116 8
2117 8
2118 8
2119 8
2120 8
2127 1
2128 1
2130 1
2131 1
2133 1
2134 1
2135 1
2138 1
2139 1
2140 1
2146 1
2147 1
2148 1
2149 1
2150 1
2151 1
2194 102
2196 301
2197 301
2198 301
2199 301
2200 424
2205 682
2211 682
2212 682
2220 682
2221 682
fl=/usr/src/debug/glibc-2.28-251.el8_10.2.x86_64/string/strdup.c
fn=strdup
40 105
41 42
44 42
47 105
48 105
fl=???
fn=(below main)
0 70
fn=???
0 950
fn=_Exit
0 9
fn=_IO_cleanup
0 160
fn=_IO_default_finish
0 32
fn=_IO_default_setbuf
0 54
fn=_IO_default_xsputn
0 148
fn=_IO_do_write@@GLIBC_2.2.5
0 27
fn=_IO_doallocbuf
0 78
fn=_IO_enable_locks
0 22
fn=_IO_file_close
0 6
fn=_IO_file_close_it@@GLIBC_2.2.5
0 119
fn=_IO_file_doallocate
0 172
fn=_IO_file_finish@@GLIBC_2.2.5
0 26
fn=_IO_file_fopen@@GLIBC_2.2.5
0 153
fn=_IO_file_open
0 66
fn=_IO_file_overflow@@GLIBC_2.2.5
0 601
fn=_IO_file_read
0 6
fn=_IO_file_setbuf@@GLIBC_2.2.5
0 16
fn=_IO_file_stat
0 15
fn=_IO_file_sync@@GLIBC_2.2.5
0 18
fn=_IO_file_write@@GLIBC_2.2.5
0 74
fn=_IO_file_xsgetn
0 84
fn=_IO_file_xsputn@@GLIBC_2.2.5
0 216
fn=_IO_flush_all_lockp
0 126
fn=_IO_link_in
0 224
fn=_IO_new_file_init_internal
0 28
fn=_IO_no_init
0 68
fn=_IO_old_init
0 57
fn=_IO_setb
0 117
fn=_IO_sgetn
0 15
fn=_IO_un_link
0 16
fn=_IO_unsave_markers
0 12
fn=__GI__IO_un_link.part.1
0 196
fn=__GI_strstr
0 68
fn=____strtoul_l_internal
0 12968
fn=__alloc_dir
0 40
fn=__call_tls_dtors
0 12
fn=__close_nocancel
0 18
fn=__ctype_init
0 272
fn=__cxa_atexit
0 3
fn=__cxa_finalize
0 244
fn=__default_morecore
0 16
fn=__fopen_internal
0 86
fn=__getdents
0 12
fn=__init_misc
0 25
fn=__internal_atexit
0 38
fn=__libc_alloca_cutoff
0 11
fn=__libc_csu_init
0 34
fn=__libc_disable_asynccancel
0 39
fn=__libc_early_init
0 2
fn=__libc_enable_asynccancel
0 36
fn=__libc_pthread_init
0 380
fn=__memcpy_avx_unaligned_erms
0 28
fn=__mempcpy_avx_unaligned_erms
0 8
fn=__memset_avx2_unaligned_erms
0 556
fn=__mpn_extract_double
0 20
fn=__mpn_lshift
0 16
fn=__mpn_mul_1
0 168
fn=__new_exitfn
0 30
fn=__open_nocancel
0 25
fn=__overflow
0 144
fn=__printf_fp
0 7
fn=__printf_fp_l
0 700
fn=__register_atfork
0 51
fn=__run_exit_handlers
0 111
fn=__sched_cpucount
0 7
fn=__sigjmp_save
0 144
fn=__sigsetjmp
0 352
fn=__strchr_avx2
0 42
fn=__strchrnul_avx2
0 38
fn=__strlen_avx2
0 406
fn=__strncmp_avx2
0 500
fn=__strrchr_avx2
0 22
fn=__syscall_clock_gettime
0 8
fn=__unregister_atfork
0 108
fn=__x86_cacheinfo
0 110
fn=_dl_addr
0 73132
fn=_dl_vdso_vsym
0 96
fn=_fxstat
0 44
fn=_init
0 108
fn=_int_free
0 527
fn=_int_malloc
0 4580
fn=_int_memalign
0 65
fn=_mid_memalign
0 50
fn=_setjmp
0 48
fn=bcmp
0 25
fn=brk
0 22
fn=calloc
0 1470
fn=check_stdfiles_vtables
0 12
fn=clock
0 52
fn=clock_gettime@@GLIBC_2.17
0 36
fn=clone
0 390
fn=closedir
0 9
fn=exit
0 8
fn=fclose@@GLIBC_2.2.5
0 152
fn=fopen@@GLIBC_2.2.5
0 6
fn=fread
0 55
fn=free
0 115
fn=fwrite
0 74
fn=get_common_cache_info
0 233
fn=get_nprocs_conf
0 3307
fn=getenv
0 25796
fn=getpagesize
0 96
fn=getrandom
0 10
fn=getrlimit
0 10
fn=gettimeofday
0 201
fn=hack_digit
0 200
fn=handle_intel.constprop.1
0 177
fn=index
0 44
fn=intel_check_word.isra.0
0 1324
fn=main
0 42
fn=malloc
0 607
fn=malloc_hook_ini
0 12
fn=malloc_init_state
0 647
fn=memalign
0 3
fn=memalign_hook_ini
0 10
fn=memchr
0 25
fn=memcpy@@GLIBC_2.14
0 48
fn=memmove
0 24
fn=mempcpy
0 48
fn=memrchr
0 24
fn=memset
0 52
fn=mmap
0 612
fn=mprotect
0 90
fn=new_do_write
0 112
fn=open
0 73
fn=opendir
0 10
fn=opendir_tail
0 32
fn=popcount_cpucount
0 20
fn=printf
0 36
fn=ptmalloc_init.part.0
0 91
fn=rawmemchr
0 25
fn=read
0 10
fn=read_file
0 23
fn=readdir
0 5091
fn=realloc
0 52
fn=realloc_hook_ini
0 9
fn=rindex
0 24
fn=sbrk
0 51
fn=secure_getenv
0 12
fn=stpcpy
0 20
fn=stpncpy
0 20
fn=strcasecmp
0 20
fn=strcasecmp_l
0 20
fn=strcat
0 20
fn=strchrnul
0 24
fn=strcmp
0 34
fn=strcpy
0 40
fn=strcspn
0 7
fn=strlen
0 48
fn=strncasecmp
0 20
fn=strncasecmp_l
0 20
fn=strncmp
0 17
fn=strncpy
0 20
fn=strnlen
0 48
fn=strpbrk
0 7
fn=strspn
0 7
fn=strtoul
0 530
fn=sysconf
0 36
fn=sysmalloc
0 278
fn=systrim.isra.1.constprop.11
0 50
fn=tcache_init.part.7
0 115
fn=tiled_blur
0 35
fn=tiled_blur._omp_fn.0
0 3454898308
fn=time
0 67
fn=vfprintf
0 284
fn=wcschr
0 48
fn=wcscmp
0 24
fn=wcslen
0 22
fn=wcsnlen
0 22
fn=wmemchr
0 50
fn=wmemset
0 38
fn=write
0 60
fn=write_file
0 23
summary: 3455901538
